world: Luna-PvP
x: 847.5469658744134
y: 157.80982839711547
z: -529.7901326798775
yaw: 74.11707
pitch: 11.249692
name: 1v1
