world: Luna-PvP
x: 865.1630255354976
y: 4.0
z: -803.2180685329695
yaw: -1.2930908
pitch: 4.9460754
name: emcantar
