world: Luna-PvP
x: 1408.6840490831314
y: 54.0
z: -747.842181740827
yaw: 1.5135803
pitch: 2.01812
name: loja
