world: LunaKits
x: 1274.3035407447583
y: 188.0
z: -78.86327526128021
yaw: 141.32019
pitch: 27.355553
name: LunaKits
