world: LunaPvP
x: 274.9098103577312
y: 122.0
z: 902.2041007880609
yaw: -325.739
pitch: 2.671815
name: mina
