world: Luna-PvP
x: 1268.9707604615448
y: 4.0
z: -796.8478152367029
yaw: -1.1641241
pitch: 22.663216
name: portais
