world: Luna-PvP
x: 904.0530546586554
y: 240.0
z: -395.692072816577
yaw: 179.97925
pitch: -3.1183636
name: semlag
