world: Luna-PvP
x: 1272.9276381198133
y: 25.0
z: -730.3952437067252
yaw: 0.3520565
pitch: -3.1416054
name: spawnluna
