world: mundodosterrenos
x: 252.84703264574907
y: 68.0
z: 338.59313827819585
yaw: 182.51355
pitch: 3.5215929
name: terrenos
