world: Luna-PvP
x: 900.0350702889158
y: 215.0
z: -579.303926975279
yaw: 182.05896
pitch: -1.294621
name: x1
